4788
2898
2413
2985
5213
3176
1735
693
6438
8078
2372
9489
6939
2284
4934
3045
9754
9376
7728
8666
4932
5360
4488
3172
2363
9250
6822
6884
2887
2690
2441
8888
3614
624
2734
2658
5378
1384
2224
1966
8648
3678
9381
7799
3321
948
4150
7536
9669
187
3080
8399
1641
6852
4485
4388
9185
6143
3693
1630
7592
4647
1548
1086
2019
4638
4941
7621
1259
5331
64
4548
6397
820
2876
1343
9497
3896
805
8645
4764
3532
4626
2673
1997
4054
630
5940
2327
3400
4034
3039
696
1193
387
82
5550
7827
9569
9459
8400
6210
7865
2470
6600
1412
8134
3551
2979
9189
8090
596
1099
2144
2242
6265
3985
2500
556
934
3663
2268
1012
145
9403
1221
7039
5982
3378
6264
9387
3459
2066
6069
2923
2680
3724
6880
2712
9717
4468
3046
7650
8598
3703
3786
4596
5586
2616
5216
7271
4979
3011
1933
6596
7830
1786
9415
153
6158
8943
8745
1273
365
8319
9827
8451
1451
6506
921
3265
2781
4448
770
6788
467
5309
9740
1285
1395
7309
1880
8171
637
2128
9646
7867
354
5315
3697
4456
2153
8027
5494
5367
1177
4402
7460
1043
7602
6129
1927
9518
1326
8378
3322
7131
9854
9419
7636
6221
5215
8490
6763
182
2810
167
8129
3237
4545
6457
3911
463
4349
5715
6249
1585
454
2254
5453
2071
6490
3954
4620
1444
5886
3598
3643
8117
6086
3443
7792
444
3554
8405
4095
3452
3704
4603
9205
9197
7396
4346
8535
998
5784
4913
227
3803
4769
2745
7943
3086
6159
888
1869
2874
811
8223
2250
4934
6283
3677
3725
3566
6838
1267
8159
3761
9848
3054
8765
8366
8066
1640
6942
4918
1740
4433
350
1115
4117
311
2518
363
7915
5177
393
3753
5602
8157
738
8545
9312
397
7637
2631
970
5368
6844
3934
4949
8788
3845
83
6293
3098
5501
9394
2062
5471
297
9192
7828
6543
1635
4391
1052
8338
2576
7933
9990
3245
691
4732
8417
6884
8168
647
9528
4976
6001
2329
8384
7165
7371
6231
2532
9223
5861
8171
6542
2521
3973
9474
7130
1457
635
3669
7924
801
2209
9862
5895
6150
916
2439
2187
315
5267
1030
7986
7488
2800
8982
2276
1117
2751
4347
3717
8108
369
9704
9880
6825
1506
4171
514
2591
4022
3890
6102
6519
6790
2654
7537
8017
7708
4588
565
8471
3843
6342
3050
9536
1063
2562
2494
6001
8281
9413
2345
1594
3380
6391
8734
651
2207
5003
4278
6256
1918
3201
9806
8472
2217
2886
221
4163
9675
605
1792
4201
3804
7024
1643
137
7360
2183
3824
6788
5608
1193
2590
200
3167
8288
1947
1582
5964
4769
6949
5567
3471
1206
8520
657
3394
6394
3594
2923
7592
4783
1613
7689
4231
460
3945
2304
6169
980
7581
998
730
2474788
2898
2413
2985
5213
3176
1735
693
6438
8078
2372
9489
6939
2284
4934
3045
9754
9376
7728
8666
4932
5360
4488
3172
2363
9250
6822
6884
2887
2690
2441
8888
3614
624
2734
2658
5378
1384
2224
1966
8648
3678
9381
7799
3321
948
4150
7536
9669
187
3080
8399
1641
6852
4485
4388
9185
6143
3693
1630
7592
4647
1548
1086
2019
4638
4941
7621
1259
5331
64
4548
6397
820
2876
1343
9497
3896
805
8645
4764
3532
4626
2673
1997
4054
630
5940
2327
3400
4034
3039
696
1193
387
82
5550
7827
9569
9459
8400
6210
7865
2470
6600
1412
8134
3551
2979
9189
8090
596
1099
2144
2242
6265
3985
2500
556
934
3663
2268
1012
145
9403
1221
7039
5982
3378
6264
9387
3459
2066
6069
2923
2680
3724
6880
2712
9717
4468
3046
7650
8598
3703
3786
4596
5586
2616
5216
7271
4979
3011
1933
6596
7830
1786
9415
153
6158
8943
8745
1273
365
8319
9827
8451
1451
6506
921
3265
2781
4448
770
6788
467
5309
9740
1285
1395
7309
1880
8171
637
2128
9646
7867
354
5315
3697
4456
2153
8027
5494
5367
1177
4402
7460
1043
7602
6129
1927
9518
1326
8378
3322
7131
9854
9419
7636
6221
5215
8490
6763
182
2810
167
8129
3237
4545
6457
3911
463
4349
5715
6249
1585
454
2254
5453
2071
6490
3954
4620
1444
5886
3598
3643
8117
6086
3443
7792
444
3554
8405
4095
3452
3704
4603
9205
9197
7396
4346
8535
998
5784
4913
227
3803
4769
2745
7943
3086
6159
888
1869
2874
811
8223
2250
4934
6283
3677
3725
3566
6838
1267
8159
3761
9848
3054
8765
8366
8066
1640
6942
4918
1740
4433
350
1115
4117
311
2518
363
7915
5177
393
3753
5602
8157
738
8545
9312
397
7637
2631
970
5368
6844
3934
4949
8788
3845
83
6293
3098
5501
9394
2062
5471
297
9192
7828
6543
1635
4391
1052
8338
2576
7933
9990
3245
691
4732
8417
6884
8168
647
9528
4976
6001
2329
8384
7165
7371
6231
2532
9223
5861
8171
6542
2521
3973
9474
7130
1457
635
3669
7924
801
2209
9862
5895
6150
916
2439
2187
315
5267
1030
7986
7488
2800
8982
2276
1117
2751
4347
3717
8108
369
9704
9880
6825
1506
4171
514
2591
4022
3890
6102
6519
6790
2654
7537
8017
7708
4588
565
8471
3843
6342
3050
9536
1063
2562
2494
6001
8281
9413
2345
1594
3380
6391
8734
651
2207
5003
4278
6256
1918
3201
9806
8472
2217
2886
221
4163
9675
605
1792
4201
3804
7024
1643
137
7360
2183
3824
6788
5608
1193
2590
200
3167
8288
1947
1582
5964
4769
6949
5567
3471
1206
8520
657
3394
6394
3594
2923
7592
4783
1613
7689
4231
460
3945
2304
6169
980
7581
998
730
247
3603
3687
7432
7782
2904
6703
1561
2570
8604
2718
4357
4346
3741
6374
4078
2073
9037
6151
4066
1789
5701
2742
4867
9712
1433
3603
3687
7432
7782
2904
6703
1561
2570
8604
2718
4357
4346
3741
6374
4078
2073
9037
6151
4066
1789
5701
2742
4867
9712
1433